
Chip#1
101 109 108 101 97 103 102 104 103 101 106 98  0
109 104 112 103 105 110 107 105 106 106 109 102  1
98 109 99 98 99 99 107 99 103 99 104 95  2
104 101 104 123 102 102 102 115 116 100 103 95  3
105 109 107 117 104 108 110 116 122 102 106 103  4
100 100 104 96 92 95 108 101 100 102 105 94  5
102 100 103 97 102 102 106 104 106 100 103 103  6
104 99 109 107 98 104 106 113 129 105 101 94  7
108 108 111 123 112 107 107 162 140 112 104 104  8
105 106 112 103 102 102 108 105 103 103 104 98  9
97 99 103 100 102 102 102 98 101 101 108 95  10
101 100 104 96 95 106 103 103 100 100 103 15000  11
Chip#2
108 99 105 100 103 107 105 100 106 102 107 100  0
99 92 98 98 94 99 100 100 110 98 101 98  1
100 99 106 108 94 104 105 99 114 103 108 107  2
106 102 107 108 94 103 105 100 112 106 104 100  3
108 97 107 108 94 104 109 100 112 107 104 100  4
99 93 100 101 101 98 99 100 104 97 98 101  5
97 96 97 99 99 94 98 99 101 98 93 97  6
101 92 98 104 101 100 101 100 112 99 102 102  7
104 102 108 109 105 106 106 100 116 109 102 105  8
103 95 104 104 99 101 103 99 110 103 107 103  9
110 103 108 110 99 110 114 100 114 108 109 112  10
108 104 106 109 99 102 104 100 111 107 107 15000  11
