DEF 18823079 {
Version {
0x2
}
Kb {
0.084, 20.780, 0.074, 38.331, 2.365, -5.975,
-0.257, 64.842, -0.270, 62.490, 2.622, -1.329,
0.029, -69.630, 0.033, -79.522, 2.404, 11.782,
-0.075, 31.330, -0.039, 55.241, 2.405, -3.299,
-0.108, -5.182, -0.068, 10.039, 2.332, -8.925,
0.115, -26.664, 0.161, -54.582, 2.000, 9.873,
-0.239, 40.247, -0.252, 43.260, 2.172, 3.242,
0.054, 12.530, 0.062, -7.984, 2.774, 0.119,
-0.184, 39.123, -0.213, 12.164, 2.337, -3.818,
-0.107, 13.609, -0.093, 21.423, 2.598, 0.835,
0.021, 46.965, 0.037, 62.238, 1.913, 0.978,
0.184, 10.028, 0.223, -11.777, 1.881, 0.000
}
Fpn_lg {
200.111, 148.417, 44.306, 98.000, 163.611, 54.306, 106.472, 120.806, 130.306, 92.667, 139.417, 61.639
}
Fpn_hg {
221.472, 169.389, 67.389, 120.472, 184.194, 78.444, 129.167, 142.528, 150.500, 113.000, 159.028, 82.944
}
AutoV20_lg {
0x8
}
AutoV20_hg {
0xa
}
Rampgen {
0x86
}
Range {
0xf
}
AutoV15 {
0x3
}
Temp_calib {
29.500, -30.294, 0.000, 0.000, 0.000, 0.000, 0.000, 0.000, 0.000, 0.000, 0.000, 0.000
}
}




DEF 18823080 {
Version {
0x2
}
Kb {
0.222, 11.314, 0.280, 7.086, 2.940, -3.148,
-0.170, 51.754, -0.287, 87.797, 3.200, 0.000,
0.123, -18.293, 0.171, -42.326, 3.407, -8.883,
0.004, -17.172, 0.006, 1.819, 3.219, -3.771,
-0.068, -16.850, 0.036, -55.469, 2.552, 3.484,
-0.224, 32.194, -0.150, 1.588, 4.117, -11.845,
-0.019, 20.844, -0.030, 52.176, 2.703, -10.469,
-0.170, 40.767, -0.191, 28.924, 3.006, -3.804,
-0.108, 4.072, -0.111, -2.705, 3.100, -9.114,
-0.358, 28.441, -0.356, 23.717, 3.280, -4.429,
-0.092, 11.759, -0.099, -2.229, 2.872, 0.952,
0.002, -3.482, -0.014, 3.390, 2.362, 0.000
}
Fpn_lg {
114.861, 241.528, 167.500, 132.500, 139.472, 95.556, 186.722, 113.139, 174.250, 47.972, 189.889, 218.778
}
Fpn_hg {
139.694, 265.000, 190.972, 157.889, 163.667, 119.000, 209.250, 139.583, 198.833, 72.861, 214.861, 242.861
}
AutoV20_lg {
0x8
}
AutoV20_hg {
0xa
}
Rampgen {
0x99
}
Range {
0xf
}
AutoV15 {
0x6
}
Temp_calib {
29.500, -28.939, 0.000, 0.000, 0.000, 0.000, 0.000, 0.000, 0.000, 0.000, 0.000, 0.000
}
}






DEF 18823040 {
Version {
0x2
}
Kb {
-0.401, 82.519, -0.403, 100.050, 3.411, -6.881,
0.024, 5.535, 0.081, -16.514, 2.964, 7.196,
-0.059, 10.785, -0.040, -4.634, 2.627, -1.038,
-0.175, 2.356, -0.095, -6.271, 2.549, 1.542,
0.198, -62.886, 0.286, -55.530, 1.911, 2.978,
-0.067, 29.952, -0.070, 42.958, 2.711, 2.063,
0.080, -27.366, 0.159, -42.143, 2.334, 8.512,
0.109, -25.291, 0.139, -47.171, 1.979, 3.243,
0.026, -23.446, 0.120, -45.548, 2.576, 6.889,
0.118, 53.332, 0.165, 28.607, 2.515, 1.717,
0.020, 69.311, 0.030, 91.357, 2.274, -5.931,
0.376, -53.524, 0.403, -77.964, 2.328, 0.000
}
Fpn_lg {
159.361, 95.917, 190.944, 58.167, 87.167, 149.444, 124.750, 75.778, 120.639, 122.222, 196.278, 91.083
}
Fpn_hg {
186.917, 124.694, 219.167, 88.556, 115.056, 178.889, 154.639, 102.611, 150.944, 149.444, 222.556, 120.417
}
AutoV20_lg {
0x8
}
AutoV20_hg {
0xa
}
Rampgen {
0xab
}
Range {
0xf
}
AutoV15 {
0x6
}
Temp_calib {
29.500, -52.798, 0.000, 0.000, 0.000, 0.000, 0.000, 0.000, 0.000, 0.000, 0.000, 0.000
}
}


DEF 18823041 {
Version {
0x2
}
Kb {
0.225, -28.681, 0.255, -47.600, 2.038, 7.544,
0.092, -33.147, 0.075, -36.999, 2.767, -0.852,
0.175, -5.173, 0.219, -3.993, 2.978, -2.633,
0.248, -73.418, 0.235, -101.080, 2.328, 10.654,
0.178, -12.049, 0.255, -24.684, 2.872, 0.000,
0.143, 14.099, 0.187, 30.461, 2.774, 0.000,
-0.103, 28.525, -0.048, 35.385, 2.408, 7.755,
0.013, 11.135, 0.036, 13.165, 3.166, -28.811,
-0.146, -23.149, -0.186, -13.062, 2.261, 7.790,
-0.017, -30.697, -0.006, -1.927, 3.005, -6.856,
0.239, 12.624, 0.257, -27.306, 2.906, 9.155,
0.032, 35.889, 0.072, 31.325, 3.282, 0.000
}
Fpn_lg {
136.694, 149.778, 199.917, 168.389, 316.278, 333.389, 182.194, 267.278, 88.833, 223.778, 165.111, 231.167
}
Fpn_hg {
161.472, 175.389, 224.472, 196.833, 340.667, 358.694, 206.194, 292.556, 113.222, 253.250, 190.250, 257.361
}
AutoV20_lg {
0x8
}
AutoV20_hg {
0xa
}
Rampgen {
0x82
}
Range {
0xf
}
AutoV15 {
0x8
}
Temp_calib {
29.500, -52.620, 0.000, 0.000, 0.000, 0.000, 0.000, 0.000, 0.000, 0.000, 0.000, 0.000
}
}
